[gd_scene load_steps=7 format=3 uid="uid://pxiw514vxcg1"]

[ext_resource type="PackedScene" uid="uid://byjvpqo0b2w7p" path="res://nodes/components/tower_pieces/tower_piece_base.tscn" id="1_ptcbh"]
[ext_resource type="Script" path="res://nodes/components/tower_pieces_finished/merchant_outpost/merchant_outpost_function.gd" id="2_mwhdp"]

[sub_resource type="Resource" id="Resource_oj1if"]
script = ExtResource("2_mwhdp")
partName = "Merchant Outpost"
partLevel = 1
maxPartLevel = 1
upkeepPrice = 0
defenseLevel = 1
maxDefenselevel = 1
unlockedAtBeginning = true

[sub_resource type="CylinderMesh" id="CylinderMesh_pyh8l"]
height = 0.05

[sub_resource type="BoxMesh" id="BoxMesh_ieofs"]
size = Vector3(0.25, 0.5, 0.25)

[sub_resource type="BoxMesh" id="BoxMesh_16mwo"]
size = Vector3(0.05, 0.5, 0.05)

[node name="MerchantOutpost" groups=["Merchant Outpost"] instance=ExtResource("1_ptcbh")]
towerStats = SubResource("Resource_oj1if")
towerFullyBuilt = true
towerBuildTime = 0.0

[node name="Model" type="Node3D" parent="." index="3"]

[node name="MeshInstance3D" type="MeshInstance3D" parent="Model" index="0"]
transform = Transform3D(1, 0, 0, 0, 1, 0, 0, 0, 1, 0, 0.0245163, 0)
mesh = SubResource("CylinderMesh_pyh8l")
skeleton = NodePath("../..")

[node name="MeshInstance3D2" type="MeshInstance3D" parent="Model" index="1"]
transform = Transform3D(1, 0, 0, 0, 1, 0, 0, 0, 1, 0, 0.475, 0)
mesh = SubResource("CylinderMesh_pyh8l")
skeleton = NodePath("../..")

[node name="MeshInstance3D3" type="MeshInstance3D" parent="Model" index="2"]
transform = Transform3D(1, 0, 0, 0, 1, 0, 0, 0, 1, 0, 0.25, 0)
mesh = SubResource("BoxMesh_ieofs")

[node name="MeshInstance3D4" type="MeshInstance3D" parent="Model" index="3"]
transform = Transform3D(1, 0, 0, 0, 1, 0, 0, 0, 1, -0.467226, 0.25, 0)
mesh = SubResource("BoxMesh_16mwo")

[node name="MeshInstance3D5" type="MeshInstance3D" parent="Model" index="4"]
transform = Transform3D(1, 0, 0, 0, 1, 0, 0, 0, 1, 0.467, 0.25, 0)
mesh = SubResource("BoxMesh_16mwo")

[node name="MeshInstance3D6" type="MeshInstance3D" parent="Model" index="5"]
transform = Transform3D(-4.37114e-08, 0, 1, 0, 1, 0, -1, 0, -4.37114e-08, -0.000112796, 0.25, 0.467113)
mesh = SubResource("BoxMesh_16mwo")

[node name="MeshInstance3D7" type="MeshInstance3D" parent="Model" index="6"]
transform = Transform3D(-4.37114e-08, 0, 1, 0, 1, 0, -1, 0, -4.37114e-08, -0.000112837, 0.25, -0.467113)
mesh = SubResource("BoxMesh_16mwo")

[node name="MeshInstance3D8" type="MeshInstance3D" parent="Model" index="7"]
transform = Transform3D(-0.707107, 0, 0.707107, 0, 1, 0, -0.707107, 0, -0.707107, 0.330186, 0.25, 0.330299)
mesh = SubResource("BoxMesh_16mwo")

[node name="MeshInstance3D9" type="MeshInstance3D" parent="Model" index="8"]
transform = Transform3D(-0.707107, 0, 0.707107, 0, 1, 0, -0.707107, 0, -0.707107, -0.330411, 0.25, -0.330299)
mesh = SubResource("BoxMesh_16mwo")

[node name="MeshInstance3D10" type="MeshInstance3D" parent="Model" index="9"]
transform = Transform3D(0.707107, 0, 0.707107, 0, 1, 0, -0.707107, 0, 0.707107, -0.330411, 0.25, 0.330299)
mesh = SubResource("BoxMesh_16mwo")

[node name="MeshInstance3D11" type="MeshInstance3D" parent="Model" index="10"]
transform = Transform3D(0.707107, 0, 0.707107, 0, 1, 0, -0.707107, 0, 0.707107, 0.330186, 0.25, -0.330299)
mesh = SubResource("BoxMesh_16mwo")
